12  8 
12  8  9 
12  8  9  3 
12  6  9 10 
12  6  9 10  3 
12  6  9 10  3  5 
12 11  9 10  3  7 
12 11  9 10  3  7 13 
13  2  9 10  3  7  3 
13  6  1 10  3  7  3 
13  6  2 12  3  7  3 
13  6  2 12  3  7  3  4 
13  6  2 12  3  8  3  1 
13  6  2 12  8  2  3  1 
13  6  2 12  4  2 13  1 
13  6  2 12  4  2 13  1  5 
13  4  2 12  4  2 13  1 10 
13  4  2 12  4  2 13  6  9 
13  4  3 12  4  2 13  6  7 
13 11  3 12  4  2 13  6  5 
13  2  3  1  4  2 12  6  5 
13  2  3  1  4  2 12  5 11 
 6  2  3  1  4  2 13  5  9 
 9  2  3  1  4  2 13  4  9 
 1 10  3  1  4  2 13  4  9 
12 11  3  1  4  2 13  4  9 
 8  7  3  1  4  2  7  4  9 
Player Wins!